0 	5 	0 	0
5 	15 	1 	1
15 	25 	2 	2
25 	50 	4 	4
50 	75 	6 	6
75 	100 	9 	9
100 	125 	11 	11
125 	150 	14 	14
150 	175 	16 	16
175 	200 	19 	19
200 	225 	21 	21
225 	250 	24 	24
250 	275 	26 	26
275 	300 	29 	29
300 	325 	31 	31
325 	350 	34 	34
350 	375 	36 	36
375 	400 	39 	39
400 	425 	41 	41
425 	450 	44 	44
450 	475 	46 	46
475 	500 	49 	49
500 	525 	51 	51
525 	550 	54 	54
550 	575 	56 	56
575 	600 	59 	59
600 	625 	61 	61
625 	650 	64 	64
650 	675 	66 	66
675 	700 	69 	69
700 	725 	71 	71
725 	750 	74 	74
750 	775 	76 	76
775 	800 	79 	79
800 	825 	81 	81
825 	850 	84 	84
850 	875 	86 	86
875 	900 	89 	89
900 	925 	91 	91
925 	950 	94 	94
950 	975 	96 	96
975 	1000 	99 	99
1000 	1025 	101 	101
1025 	1050 	104 	104
1050 	1075 	106 	106
1075 	1100 	109 	109
1100 	1125 	111 	111
1125 	1150 	114 	114
1150 	1175 	116 	116
1175 	1200 	119 	119
1200 	1225 	121 	121
1225 	1250 	124 	124
1250 	1275 	126 	126
1275 	1300 	129 	129
1300 	1325 	131 	131
1325 	1350 	134 	134
1350 	1375 	136 	136
1375 	1400 	139 	139
1400 	1425 	141 	141
1425 	1450 	144 	144
1450 	1475 	146 	146
1475 	1500 	149 	149
1500 	1525 	151 	151
1525 	1550 	154 	154
1550 	1575 	156 	156
1575 	1600 	159 	159
1600 	1625 	161 	161
1625 	1650 	164 	164
1650 	1675 	166 	166
1675 	1700 	169 	169
1700 	1725 	171 	171
1725 	1750 	174 	174
1750 	1775 	176 	176
1775 	1800 	179 	179
1800 	1825 	181 	181
1825 	1850 	184 	184
1850 	1875 	186 	186
1875 	1900 	189 	189
1900 	1925 	191 	191
1925 	1950 	194 	194
1950 	1975 	196 	196
1975 	2000 	199 	199
2000 	2025 	201 	201
2025 	2050 	204 	204
2050 	2075 	206 	206
2075 	2100 	209 	209
2100 	2125 	211 	211
2125 	2150 	214 	214
2150 	2175 	216 	216
2175 	2200 	219 	219
2200 	2225 	221 	221
2225 	2250 	224 	224
2250 	2275 	226 	226
2275 	2300 	229 	229
2300 	2325 	231 	231
2325 	2350 	234 	234
2350 	2375 	236 	236
2375 	2400 	239 	239
2400 	2425 	241 	241
2425 	2450 	244 	244
2450 	2475 	246 	246
2475 	2500 	249 	249
2500 	2525 	251 	251
2525 	2550 	254 	254
2550 	2575 	256 	256
2575 	2600 	259 	259
2600 	2625 	261 	261
2625 	2650 	264 	264
2650 	2675 	266 	266
2675 	2700 	269 	269
2700 	2725 	271 	271
2725 	2750 	274 	274
2750 	2775 	276 	276
2775 	2800 	279 	279
2800 	2825 	281 	281
2825 	2850 	284 	284
2850 	2875 	286 	286
2875 	2900 	289 	289
2900 	2925 	291 	291
2925 	2950 	294 	294
2950 	2975 	296 	296
2975 	3000 	299 	299
3000 	3050 	303 	303
3050 	3100 	308 	308
3100 	3150 	313 	313
3150 	3200 	318 	318
3200 	3250 	323 	323
3250 	3300 	328 	328
3300 	3350 	333 	333
3350 	3400 	338 	338
3400 	3450 	343 	343
3450 	3500 	348 	348
3500 	3550 	353 	353
3550 	3600 	358 	358
3600 	3650 	363 	363
3650 	3700 	368 	368
3700 	3750 	373 	373
3750 	3800 	378 	378
3800 	3850 	383 	383
3850 	3900 	388 	388
3900 	3950 	393 	393
3950 	4000 	398 	398
4000 	4050 	403 	403
4050 	4100 	408 	408
4100 	4150 	413 	413
4150 	4200 	418 	418
4200 	4250 	423 	423
4250 	4300 	428 	428
4300 	4350 	433 	433
4350 	4400 	438 	438
4400 	4450 	443 	443
4450 	4500 	448 	448
4500 	4550 	453 	453
4550 	4600 	458 	458
4600 	4650 	463 	463
4650 	4700 	468 	468
4700 	4750 	473 	473
4750 	4800 	478 	478
4800 	4850 	483 	483
4850 	4900 	488 	488
4900 	4950 	493 	493
4950 	5000 	498 	498
5000 	5050 	503 	503
5050 	5100 	508 	508
5100 	5150 	513 	513
5150 	5200 	518 	518
5200 	5250 	523 	523
5250 	5300 	528 	528
5300 	5350 	533 	533
5350 	5400 	538 	538
5400 	5450 	543 	543
5450 	5500 	548 	548
5500 	5550 	553 	553
5550 	5600 	558 	558
5600 	5650 	563 	563
5650 	5700 	568 	568
5700 	5750 	573 	573
5750 	5800 	578 	578
5800 	5850 	583 	583
5850 	5900 	588 	588
5900 	5950 	593 	593
5950 	6000 	598 	598
6000 	6050 	603 	603
6050 	6100 	608 	608
6100 	6150 	613 	613
6150 	6200 	618 	618
6200 	6250 	623 	623
6250 	6300 	628 	628
6300 	6350 	633 	633
6350 	6400 	638 	638
6400 	6450 	643 	643
6450 	6500 	648 	648
6500 	6550 	653 	653
6550 	6600 	658 	658
6600 	6650 	663 	663
6650 	6700 	668 	668
6700 	6750 	673 	673
6750 	6800 	678 	678
6800 	6850 	683 	683
6850 	6900 	688 	688
6900 	6950 	693 	693
6950 	7000 	698 	698
7000 	7050 	703 	703
7050 	7100 	708 	708
7100 	7150 	713 	713
7150 	7200 	718 	718
7200 	7250 	723 	723
7250 	7300 	728 	728
7300 	7350 	733 	733
7350 	7400 	738 	738
7400 	7450 	743 	743
7450 	7500 	748 	748
7500 	7550 	753 	753
7550 	7600 	758 	758
7600 	7650 	763 	763
7650 	7700 	768 	768
7700 	7750 	773 	773
7750 	7800 	778 	778
7800 	7850 	783 	783
7850 	7900 	788 	788
7900 	7950 	793 	793
7950 	8000 	798 	798
8000 	8050 	803 	803
8050 	8100 	808 	808
8100 	8150 	813 	813
8150 	8200 	818 	818
8200 	8250 	823 	823
8250 	8300 	828 	828
8300 	8350 	833 	833
8350 	8400 	838 	838
8400 	8450 	843 	843
8450 	8500 	848 	848
8500 	8550 	853 	853
8550 	8600 	858 	858
8600 	8650 	863 	863
8650 	8700 	868 	868
8700 	8750 	873 	873
8750 	8800 	878 	878
8800 	8850 	883 	883
8850 	8900 	888 	888
8900 	8950 	893 	893
8950 	9000 	900 	900
9000 	9050 	908 	908
9050 	9100 	915 	915
9100 	9150 	923 	923
9150 	9200 	930 	930
9200 	9250 	938 	938
9250 	9300 	945 	945
9300 	9350 	953 	953
9350 	9400 	960 	960
9400 	9450 	968 	968
9450 	9500 	975 	975
9500 	9550 	983 	983
9550 	9600 	990 	990
9600 	9650 	998 	998
9650 	9700 	1005 	1005
9700 	9750 	1013 	1013
9750 	9800 	1020 	1020
9800 	9850 	1028 	1028
9850 	9900 	1035 	1035
9900 	9950 	1043 	1043
9950 	10000 	1050 	1050
10000 	10050 	1058 	1058
10050 	10100 	1065 	1065
10100 	10150 	1073 	1073
10150 	10200 	1080 	1080
10200 	10250 	1088 	1088
10250 	10300 	1095 	1095
10300 	10350 	1103 	1103
10350 	10400 	1110 	1110
10400 	10450 	1118 	1118
10450 	10500 	1125 	1125
10500 	10550 	1133 	1133
10550 	10600 	1140 	1140
10600 	10650 	1148 	1148
10650 	10700 	1155 	1155
10700 	10750 	1163 	1163
10750 	10800 	1170 	1170
10800 	10850 	1178 	1178
10850 	10900 	1185 	1185
10900 	10950 	1193 	1193
10950 	11000 	1200 	1200
11000 	11050 	1208 	1208
11050 	11100 	1215 	1215
11100 	11150 	1223 	1223
11150 	11200 	1230 	1230
11200 	11250 	1238 	1238
11250 	11300 	1245 	1245
11300 	11350 	1253 	1253
11350 	11400 	1260 	1260
11400 	11450 	1268 	1268
11450 	11500 	1275 	1275
11500 	11550 	1283 	1283
11550 	11600 	1290 	1290
11600 	11650 	1298 	1298
11650 	11700 	1305 	1305
11700 	11750 	1313 	1313
11750 	11800 	1320 	1320
11800 	11850 	1328 	1328
11850 	11900 	1335 	1335
11900 	11950 	1343 	1343
11950 	12000 	1350 	1350
12000 	12050 	1358 	1358
12050 	12100 	1365 	1365
12100 	12150 	1373 	1373
12150 	12200 	1380 	1380
12200 	12250 	1388 	1388
12250 	12300 	1395 	1395
12300 	12350 	1403 	1403
12350 	12400 	1410 	1410
12400 	12450 	1418 	1418
12450 	12500 	1425 	1425
12500 	12550 	1433 	1433
12550 	12600 	1440 	1440
12600 	12650 	1448 	1448
12650 	12700 	1455 	1455
12700 	12750 	1463 	1463
12750 	12800 	1470 	1470
12800 	12850 	1478 	1478
12850 	12900 	1485 	1485
12900 	12950 	1493 	1493
12950 	13000 	1500 	1500
13000 	13050 	1508 	1508
13050 	13100 	1515 	1515
13100 	13150 	1523 	1523
13150 	13200 	1530 	1530
13200 	13250 	1538 	1538
13250 	13300 	1545 	1545
13300 	13350 	1553 	1553
13350 	13400 	1560 	1560
13400 	13450 	1568 	1568
13450 	13500 	1575 	1575
13500 	13550 	1583 	1583
13550 	13600 	1590 	1590
13600 	13650 	1598 	1598
13650 	13700 	1605 	1605
13700 	13750 	1613 	1613
13750 	13800 	1620 	1620
13800 	13850 	1628 	1628
13850 	13900 	1635 	1635
13900 	13950 	1643 	1643
13950 	14000 	1650 	1650
14000 	14050 	1658 	1658
14050 	14100 	1665 	1665
14100 	14150 	1673 	1673
14150 	14200 	1680 	1680
14200 	14250 	1688 	1688
14250 	14300 	1695 	1695
14300 	14350 	1703 	1703
14350 	14400 	1710 	1710
14400 	14450 	1718 	1718
14450 	14500 	1725 	1725
14500 	14550 	1733 	1733
14550 	14600 	1740 	1740
14600 	14650 	1748 	1748
14650 	14700 	1755 	1755
14700 	14750 	1763 	1763
14750 	14800 	1770 	1770
14800 	14850 	1778 	1778
14850 	14900 	1785 	1785
14900 	14950 	1793 	1793
14950 	15000 	1800 	1800
15000 	15050 	1808 	1808
15050 	15100 	1815 	1815
15100 	15150 	1823 	1823
15150 	15200 	1830 	1830
15200 	15250 	1838 	1838
15250 	15300 	1845 	1845
15300 	15350 	1853 	1853
15350 	15400 	1860 	1860
15400 	15450 	1868 	1868
15450 	15500 	1875 	1875
15500 	15550 	1883 	1883
15550 	15600 	1890 	1890
15600 	15650 	1898 	1898
15650 	15700 	1905 	1905
15700 	15750 	1913 	1913
15750 	15800 	1920 	1920
15800 	15850 	1928 	1928
15850 	15900 	1935 	1935
15900 	15950 	1943 	1943
15950 	16000 	1950 	1950
16000 	16050 	1958 	1958
16050 	16100 	1965 	1965
16100 	16150 	1973 	1973
16150 	16200 	1980 	1980
16200 	16250 	1988 	1988
16250 	16300 	1995 	1995
16300 	16350 	2003 	2003
16350 	16400 	2010 	2010
16400 	16450 	2018 	2018
16450 	16500 	2025 	2025
16500 	16550 	2033 	2033
16550 	16600 	2040 	2040
16600 	16650 	2048 	2048
16650 	16700 	2055 	2055
16700 	16750 	2063 	2063
16750 	16800 	2070 	2070
16800 	16850 	2078 	2078
16850 	16900 	2085 	2085
16900 	16950 	2093 	2093
16950 	17000 	2100 	2100
17000 	17050 	2108 	2108
17050 	17100 	2115 	2115
17100 	17150 	2123 	2123
17150 	17200 	2130 	2130
17200 	17250 	2138 	2138
17250 	17300 	2145 	2145
17300 	17350 	2153 	2153
17350 	17400 	2160 	2160
17400 	17450 	2168 	2168
17450 	17500 	2175 	2175
17500 	17550 	2183 	2183
17550 	17600 	2190 	2190
17600 	17650 	2198 	2198
17650 	17700 	2205 	2205
17700 	17750 	2213 	2213
17750 	17800 	2220 	2220
17800 	17850 	2228 	2228
17850 	17900 	2235 	2235
17900 	17950 	2243 	2243
17950 	18000 	2250 	2250
18000 	18050 	2258 	2258
18050 	18100 	2265 	2265
18100 	18150 	2273 	2273
18150 	18200 	2280 	2280
18200 	18250 	2288 	2288
18250 	18300 	2295 	2295
18300 	18350 	2303 	2303
18350 	18400 	2310 	2310
18400 	18450 	2318 	2318
18450 	18500 	2325 	2325
18500 	18550 	2333 	2333
18550 	18600 	2340 	2340
18600 	18650 	2348 	2348
18650 	18700 	2355 	2355
18700 	18750 	2363 	2363
18750 	18800 	2370 	2370
18800 	18850 	2378 	2378
18850 	18900 	2385 	2385
18900 	18950 	2393 	2393
18950 	19000 	2400 	2400
19000 	19050 	2408 	2408
19050 	19100 	2415 	2415
19100 	19150 	2423 	2423
19150 	19200 	2430 	2430
19200 	19250 	2438 	2438
19250 	19300 	2445 	2445
19300 	19350 	2453 	2453
19350 	19400 	2460 	2460
19400 	19450 	2468 	2468
19450 	19500 	2475 	2475
19500 	19550 	2483 	2483
19550 	19600 	2490 	2490
19600 	19650 	2498 	2498
19650 	19700 	2505 	2505
19700 	19750 	2513 	2513
19750 	19800 	2520 	2520
19800 	19850 	2528 	2528
19850 	19900 	2535 	2535
19900 	19950 	2543 	2543
19950 	20000 	2550 	2550
20000 	20050 	2558 	2558
20050 	20100 	2565 	2565
20100 	20150 	2573 	2573
20150 	20200 	2580 	2580
20200 	20250 	2588 	2588
20250 	20300 	2595 	2595
20300 	20350 	2603 	2603
20350 	20400 	2610 	2610
20400 	20450 	2618 	2618
20450 	20500 	2625 	2625
20500 	20550 	2633 	2633
20550 	20600 	2640 	2640
20600 	20650 	2648 	2648
20650 	20700 	2655 	2655
20700 	20750 	2663 	2663
20750 	20800 	2670 	2670
20800 	20850 	2678 	2678
20850 	20900 	2685 	2685
20900 	20950 	2693 	2693
20950 	21000 	2700 	2700
21000 	21050 	2708 	2708
21050 	21100 	2715 	2715
21100 	21150 	2723 	2723
21150 	21200 	2730 	2730
21200 	21250 	2738 	2738
21250 	21300 	2745 	2745
21300 	21350 	2753 	2753
21350 	21400 	2760 	2760
21400 	21450 	2768 	2768
21450 	21500 	2775 	2775
21500 	21550 	2783 	2783
21550 	21600 	2790 	2790
21600 	21650 	2798 	2798
21650 	21700 	2805 	2805
21700 	21750 	2813 	2813
21750 	21800 	2820 	2820
21800 	21850 	2828 	2828
21850 	21900 	2835 	2835
21900 	21950 	2843 	2843
21950 	22000 	2850 	2850
22000 	22050 	2858 	2858
22050 	22100 	2865 	2865
22100 	22150 	2873 	2873
22150 	22200 	2880 	2880
22200 	22250 	2888 	2888
22250 	22300 	2895 	2895
22300 	22350 	2903 	2903
22350 	22400 	2910 	2910
22400 	22450 	2918 	2918
22450 	22500 	2925 	2925
22500 	22550 	2933 	2933
22550 	22600 	2940 	2940
22600 	22650 	2948 	2948
22650 	22700 	2955 	2955
22700 	22750 	2963 	2963
22750 	22800 	2970 	2970
22800 	22850 	2978 	2978
22850 	22900 	2985 	2985
22900 	22950 	2993 	2993
22950 	23000 	3000 	3000
23000 	23050 	3008 	3008
23050 	23100 	3015 	3015
23100 	23150 	3023 	3023
23150 	23200 	3030 	3030
23200 	23250 	3038 	3038
23250 	23300 	3045 	3045
23300 	23350 	3053 	3053
23350 	23400 	3060 	3060
23400 	23450 	3068 	3068
23450 	23500 	3075 	3075
23500 	23550 	3083 	3083
23550 	23600 	3090 	3090
23600 	23650 	3098 	3098
23650 	23700 	3105 	3105
23700 	23750 	3113 	3113
23750 	23800 	3120 	3120
23800 	23850 	3128 	3128
23850 	23900 	3135 	3135
23900 	23950 	3143 	3143
23950 	24000 	3150 	3150
24000 	24050 	3158 	3158
24050 	24100 	3165 	3165
24100 	24150 	3173 	3173
24150 	24200 	3180 	3180
24200 	24250 	3188 	3188
24250 	24300 	3195 	3195
24300 	24350 	3203 	3203
24350 	24400 	3210 	3210
24400 	24450 	3218 	3218
24450 	24500 	3225 	3225
24500 	24550 	3233 	3233
24550 	24600 	3240 	3240
24600 	24650 	3248 	3248
24650 	24700 	3255 	3255
24700 	24750 	3263 	3263
24750 	24800 	3270 	3270
24800 	24850 	3278 	3278
24850 	24900 	3285 	3285
24900 	24950 	3293 	3293
24950 	25000 	3300 	3300
25000 	25050 	3308 	3308
25050 	25100 	3315 	3315
25100 	25150 	3323 	3323
25150 	25200 	3330 	3330
25200 	25250 	3338 	3338
25250 	25300 	3345 	3345
25300 	25350 	3353 	3353
25350 	25400 	3360 	3360
25400 	25450 	3368 	3368
25450 	25500 	3375 	3375
25500 	25550 	3383 	3383
25550 	25600 	3390 	3390
25600 	25650 	3398 	3398
25650 	25700 	3405 	3405
25700 	25750 	3413 	3413
25750 	25800 	3420 	3420
25800 	25850 	3428 	3428
25850 	25900 	3435 	3435
25900 	25950 	3443 	3443
25950 	26000 	3450 	3450
26000 	26050 	3458 	3458
26050 	26100 	3465 	3465
26100 	26150 	3473 	3473
26150 	26200 	3480 	3480
26200 	26250 	3488 	3488
26250 	26300 	3495 	3495
26300 	26350 	3503 	3503
26350 	26400 	3510 	3510
26400 	26450 	3518 	3518
26450 	26500 	3525 	3525
26500 	26550 	3533 	3533
26550 	26600 	3540 	3540
26600 	26650 	3548 	3548
26650 	26700 	3555 	3555
26700 	26750 	3563 	3563
26750 	26800 	3570 	3570
26800 	26850 	3578 	3578
26850 	26900 	3585 	3585
26900 	26950 	3593 	3593
26950 	27000 	3600 	3600
27000 	27050 	3608 	3608
27050 	27100 	3615 	3615
27100 	27150 	3623 	3623
27150 	27200 	3630 	3630
27200 	27250 	3638 	3638
27250 	27300 	3645 	3645
27300 	27350 	3653 	3653
27350 	27400 	3660 	3660
27400 	27450 	3668 	3668
27450 	27500 	3675 	3675
27500 	27550 	3683 	3683
27550 	27600 	3690 	3690
27600 	27650 	3698 	3698
27650 	27700 	3705 	3705
27700 	27750 	3713 	3713
27750 	27800 	3720 	3720
27800 	27850 	3728 	3728
27850 	27900 	3735 	3735
27900 	27950 	3743 	3743
27950 	28000 	3750 	3750
28000 	28050 	3758 	3758
28050 	28100 	3765 	3765
28100 	28150 	3773 	3773
28150 	28200 	3780 	3780
28200 	28250 	3788 	3788
28250 	28300 	3795 	3795
28300 	28350 	3803 	3803
28350 	28400 	3810 	3810
28400 	28450 	3818 	3818
28450 	28500 	3825 	3825
28500 	28550 	3833 	3833
28550 	28600 	3840 	3840
28600 	28650 	3848 	3848
28650 	28700 	3855 	3855
28700 	28750 	3863 	3863
28750 	28800 	3870 	3870
28800 	28850 	3878 	3878
28850 	28900 	3885 	3885
28900 	28950 	3893 	3893
28950 	29000 	3900 	3900
29000 	29050 	3908 	3908
29050 	29100 	3915 	3915
29100 	29150 	3923 	3923
29150 	29200 	3930 	3930
29200 	29250 	3938 	3938
29250 	29300 	3945 	3945
29300 	29350 	3953 	3953
29350 	29400 	3960 	3960
29400 	29450 	3968 	3968
29450 	29500 	3975 	3975
29500 	29550 	3983 	3983
29550 	29600 	3990 	3990
29600 	29650 	3998 	3998
29650 	29700 	4005 	4005
29700 	29750 	4013 	4013
29750 	29800 	4020 	4020
29800 	29850 	4028 	4028
29850 	29900 	4035 	4035
29900 	29950 	4043 	4043
29950 	30000 	4050 	4050
30000 	30050 	4058 	4058
30050 	30100 	4065 	4065
30100 	30150 	4073 	4073
30150 	30200 	4080 	4080
30200 	30250 	4088 	4088
30250 	30300 	4095 	4095
30300 	30350 	4103 	4103
30350 	30400 	4110 	4110
30400 	30450 	4118 	4118
30450 	30500 	4125 	4125
30500 	30550 	4133 	4133
30550 	30600 	4140 	4140
30600 	30650 	4148 	4148
30650 	30700 	4155 	4155
30700 	30750 	4163 	4163
30750 	30800 	4170 	4170
30800 	30850 	4178 	4178
30850 	30900 	4185 	4185
30900 	30950 	4193 	4193
30950 	31000 	4200 	4200
31000 	31050 	4208 	4208
31050 	31100 	4215 	4215
31100 	31150 	4223 	4223
31150 	31200 	4230 	4230
31200 	31250 	4238 	4238
31250 	31300 	4245 	4245
31300 	31350 	4253 	4253
31350 	31400 	4260 	4260
31400 	31450 	4268 	4268
31450 	31500 	4275 	4275
31500 	31550 	4283 	4283
31550 	31600 	4290 	4290
31600 	31650 	4298 	4298
31650 	31700 	4305 	4305
31700 	31750 	4313 	4313
31750 	31800 	4320 	4320
31800 	31850 	4328 	4328
31850 	31900 	4335 	4335
31900 	31950 	4343 	4343
31950 	32000 	4350 	4350
32000 	32050 	4358 	4358
32050 	32100 	4365 	4365
32100 	32150 	4373 	4373
32150 	32200 	4380 	4380
32200 	32250 	4388 	4388
32250 	32300 	4395 	4395
32300 	32350 	4403 	4403
32350 	32400 	4410 	4410
32400 	32450 	4418 	4418
32450 	32500 	4425 	4425
32500 	32550 	4433 	4433
32550 	32600 	4440 	4440
32600 	32650 	4448 	4448
32650 	32700 	4455 	4455
32700 	32750 	4463 	4463
32750 	32800 	4470 	4470
32800 	32850 	4478 	4478
32850 	32900 	4485 	4485
32900 	32950 	4493 	4493
32950 	33000 	4500 	4500
33000 	33050 	4508 	4508
33050 	33100 	4515 	4515
33100 	33150 	4523 	4523
33150 	33200 	4530 	4530
33200 	33250 	4538 	4538
33250 	33300 	4545 	4545
33300 	33350 	4553 	4553
33350 	33400 	4560 	4560
33400 	33450 	4568 	4568
33450 	33500 	4575 	4575
33500 	33550 	4583 	4583
33550 	33600 	4590 	4590
33600 	33650 	4598 	4598
33650 	33700 	4605 	4605
33700 	33750 	4613 	4613
33750 	33800 	4620 	4620
33800 	33850 	4628 	4628
33850 	33900 	4635 	4635
33900 	33950 	4643 	4643
33950 	34000 	4650 	4650
34000 	34050 	4658 	4658
34050 	34100 	4665 	4665
34100 	34150 	4673 	4673
34150 	34200 	4680 	4680
34200 	34250 	4688 	4688
34250 	34300 	4695 	4695
34300 	34350 	4703 	4703
34350 	34400 	4710 	4710
34400 	34450 	4718 	4718
34450 	34500 	4725 	4725
34500 	34550 	4733 	4733
34550 	34600 	4740 	4740
34600 	34650 	4748 	4748
34650 	34700 	4755 	4755
34700 	34750 	4763 	4763
34750 	34800 	4770 	4770
34800 	34850 	4778 	4778
34850 	34900 	4785 	4785
34900 	34950 	4793 	4793
34950 	35000 	4800 	4800
35000 	35050 	4808 	4808
35050 	35100 	4815 	4815
35100 	35150 	4823 	4823
35150 	35200 	4830 	4830
35200 	35250 	4838 	4838
35250 	35300 	4845 	4845
35300 	35350 	4853 	4853
35350 	35400 	4860 	4860
35400 	35450 	4868 	4868
35450 	35500 	4875 	4875
35500 	35550 	4883 	4883
35550 	35600 	4890 	4890
35600 	35650 	4898 	4898
35650 	35700 	4905 	4905
35700 	35750 	4913 	4913
35750 	35800 	4920 	4920
35800 	35850 	4928 	4928
35850 	35900 	4935 	4935
35900 	35950 	4943 	4943
35950 	36000 	4950 	4950
36000 	36050 	4958 	4958
36050 	36100 	4965 	4965
36100 	36150 	4973 	4973
36150 	36200 	4980 	4980
36200 	36250 	4988 	4988
36250 	36300 	4998 	4998
36300 	36350 	5010 	5010
36350 	36400 	5023 	5023
36400 	36450 	5035 	5035
36450 	36500 	5048 	5048
36500 	36550 	5060 	5060
36550 	36600 	5073 	5073
36600 	36650 	5085 	5085
36650 	36700 	5098 	5098
36700 	36750 	5110 	5110
36750 	36800 	5123 	5123
36800 	36850 	5135 	5135
36850 	36900 	5148 	5148
36900 	36950 	5160 	5160
36950 	37000 	5173 	5173
37000 	37050 	5185 	5185
37050 	37100 	5198 	5198
37100 	37150 	5210 	5210
37150 	37200 	5223 	5223
37200 	37250 	5235 	5235
37250 	37300 	5248 	5248
37300 	37350 	5260 	5260
37350 	37400 	5273 	5273
37400 	37450 	5285 	5285
37450 	37500 	5298 	5298
37500 	37550 	5310 	5310
37550 	37600 	5323 	5323
37600 	37650 	5335 	5335
37650 	37700 	5348 	5348
37700 	37750 	5360 	5360
37750 	37800 	5373 	5373
37800 	37850 	5385 	5385
37850 	37900 	5398 	5398
37900 	37950 	5410 	5410
37950 	38000 	5423 	5423
38000 	38050 	5435 	5435
38050 	38100 	5448 	5448
38100 	38150 	5460 	5460
38150 	38200 	5473 	5473
38200 	38250 	5485 	5485
38250 	38300 	5498 	5498
38300 	38350 	5510 	5510
38350 	38400 	5523 	5523
38400 	38450 	5535 	5535
38450 	38500 	5548 	5548
38500 	38550 	5560 	5560
38550 	38600 	5573 	5573
38600 	38650 	5585 	5585
38650 	38700 	5598 	5598
38700 	38750 	5610 	5610
38750 	38800 	5623 	5623
38800 	38850 	5635 	5635
38850 	38900 	5648 	5648
38900 	38950 	5660 	5660
38950 	39000 	5673 	5673
39000 	39050 	5685 	5685
39050 	39100 	5698 	5698
39100 	39150 	5710 	5710
39150 	39200 	5723 	5723
39200 	39250 	5735 	5735
39250 	39300 	5748 	5748
39300 	39350 	5760 	5760
39350 	39400 	5773 	5773
39400 	39450 	5785 	5785
39450 	39500 	5798 	5798
39500 	39550 	5810 	5810
39550 	39600 	5823 	5823
39600 	39650 	5835 	5835
39650 	39700 	5848 	5848
39700 	39750 	5860 	5860
39750 	39800 	5873 	5873
39800 	39850 	5885 	5885
39850 	39900 	5898 	5898
39900 	39950 	5910 	5910
39950 	40000 	5923 	5923
40000 	40050 	5935 	5935
40050 	40100 	5948 	5948
40100 	40150 	5960 	5960
40150 	40200 	5973 	5973
40200 	40250 	5985 	5985
40250 	40300 	5998 	5998
40300 	40350 	6010 	6010
40350 	40400 	6023 	6023
40400 	40450 	6035 	6035
40450 	40500 	6048 	6048
40500 	40550 	6060 	6060
40550 	40600 	6073 	6073
40600 	40650 	6085 	6085
40650 	40700 	6098 	6098
40700 	40750 	6110 	6110
40750 	40800 	6123 	6123
40800 	40850 	6135 	6135
40850 	40900 	6148 	6148
40900 	40950 	6160 	6160
40950 	41000 	6173 	6173
41000 	41050 	6185 	6185
41050 	41100 	6198 	6198
41100 	41150 	6210 	6210
41150 	41200 	6223 	6223
41200 	41250 	6235 	6235
41250 	41300 	6248 	6248
41300 	41350 	6260 	6260
41350 	41400 	6273 	6273
41400 	41450 	6285 	6285
41450 	41500 	6298 	6298
41500 	41550 	6310 	6310
41550 	41600 	6323 	6323
41600 	41650 	6335 	6335
41650 	41700 	6348 	6348
41700 	41750 	6360 	6360
41750 	41800 	6373 	6373
41800 	41850 	6385 	6385
41850 	41900 	6398 	6398
41900 	41950 	6410 	6410
41950 	42000 	6423 	6423
42000 	42050 	6435 	6435
42050 	42100 	6448 	6448
42100 	42150 	6460 	6460
42150 	42200 	6473 	6473
42200 	42250 	6485 	6485
42250 	42300 	6498 	6498
42300 	42350 	6510 	6510
42350 	42400 	6523 	6523
42400 	42450 	6535 	6535
42450 	42500 	6548 	6548
42500 	42550 	6560 	6560
42550 	42600 	6573 	6573
42600 	42650 	6585 	6585
42650 	42700 	6598 	6598
42700 	42750 	6610 	6610
42750 	42800 	6623 	6623
42800 	42850 	6635 	6635
42850 	42900 	6648 	6648
42900 	42950 	6660 	6660
42950 	43000 	6673 	6673
43000 	43050 	6685 	6685
43050 	43100 	6698 	6698
43100 	43150 	6710 	6710
43150 	43200 	6723 	6723
43200 	43250 	6735 	6735
43250 	43300 	6748 	6748
43300 	43350 	6760 	6760
43350 	43400 	6773 	6773
43400 	43450 	6785 	6785
43450 	43500 	6798 	6798
43500 	43550 	6810 	6810
43550 	43600 	6823 	6823
43600 	43650 	6835 	6835
43650 	43700 	6848 	6848
43700 	43750 	6860 	6860
43750 	43800 	6873 	6873
43800 	43850 	6885 	6885
43850 	43900 	6898 	6898
43900 	43950 	6910 	6910
43950 	44000 	6923 	6923
44000 	44050 	6935 	6935
44050 	44100 	6948 	6948
44100 	44150 	6960 	6960
44150 	44200 	6973 	6973
44200 	44250 	6985 	6985
44250 	44300 	6998 	6998
44300 	44350 	7010 	7010
44350 	44400 	7023 	7023
44400 	44450 	7035 	7035
44450 	44500 	7048 	7048
44500 	44550 	7060 	7060
44550 	44600 	7073 	7073
44600 	44650 	7085 	7085
44650 	44700 	7098 	7098
44700 	44750 	7110 	7110
44750 	44800 	7123 	7123
44800 	44850 	7135 	7135
44850 	44900 	7148 	7148
44900 	44950 	7160 	7160
44950 	45000 	7173 	7173
45000 	45050 	7185 	7185
45050 	45100 	7198 	7198
45100 	45150 	7210 	7210
45150 	45200 	7223 	7223
45200 	45250 	7235 	7235
45250 	45300 	7248 	7248
45300 	45350 	7260 	7260
45350 	45400 	7273 	7273
45400 	45450 	7285 	7285
45450 	45500 	7298 	7298
45500 	45550 	7310 	7310
45550 	45600 	7323 	7323
45600 	45650 	7335 	7335
45650 	45700 	7348 	7348
45700 	45750 	7360 	7360
45750 	45800 	7373 	7373
45800 	45850 	7385 	7385
45850 	45900 	7398 	7398
45900 	45950 	7410 	7410
45950 	46000 	7423 	7423
46000 	46050 	7435 	7435
46050 	46100 	7448 	7448
46100 	46150 	7460 	7460
46150 	46200 	7473 	7473
46200 	46250 	7485 	7485
46250 	46300 	7498 	7498
46300 	46350 	7510 	7510
46350 	46400 	7523 	7523
46400 	46450 	7535 	7535
46450 	46500 	7548 	7548
46500 	46550 	7560 	7560
46550 	46600 	7573 	7573
46600 	46650 	7585 	7585
46650 	46700 	7598 	7598
46700 	46750 	7610 	7610
46750 	46800 	7623 	7623
46800 	46850 	7635 	7635
46850 	46900 	7648 	7648
46900 	46950 	7660 	7660
46950 	47000 	7673 	7673
47000 	47050 	7685 	7685
47050 	47100 	7698 	7698
47100 	47150 	7710 	7710
47150 	47200 	7723 	7723
47200 	47250 	7735 	7735
47250 	47300 	7748 	7748
47300 	47350 	7760 	7760
47350 	47400 	7773 	7773
47400 	47450 	7785 	7785
47450 	47500 	7798 	7798
47500 	47550 	7810 	7810
47550 	47600 	7823 	7823
47600 	47650 	7835 	7835
47650 	47700 	7848 	7848
47700 	47750 	7860 	7860
47750 	47800 	7873 	7873
47800 	47850 	7885 	7885
47850 	47900 	7898 	7898
47900 	47950 	7910 	7910
47950 	48000 	7923 	7923
48000 	48050 	7935 	7935
48050 	48100 	7948 	7948
48100 	48150 	7960 	7960
48150 	48200 	7973 	7973
48200 	48250 	7985 	7985
48250 	48300 	7998 	7998
48300 	48350 	8010 	8010
48350 	48400 	8023 	8023
48400 	48450 	8035 	8035
48450 	48500 	8048 	8048
48500 	48550 	8060 	8060
48550 	48600 	8073 	8073
48600 	48650 	8085 	8085
48650 	48700 	8098 	8098
48700 	48750 	8110 	8110
48750 	48800 	8123 	8123
48800 	48850 	8135 	8135
48850 	48900 	8148 	8148
48900 	48950 	8160 	8160
48950 	49000 	8173 	8173
49000 	49050 	8185 	8185
49050 	49100 	8198 	8198
49100 	49150 	8210 	8210
49150 	49200 	8223 	8223
49200 	49250 	8235 	8235
49250 	49300 	8248 	8248
49300 	49350 	8260 	8260
49350 	49400 	8273 	8273
49400 	49450 	8285 	8285
49450 	49500 	8298 	8298
49500 	49550 	8310 	8310
49550 	49600 	8323 	8323
49600 	49650 	8335 	8335
49650 	49700 	8348 	8348
49700 	49750 	8360 	8360
49750 	49800 	8373 	8373
49800 	49850 	8385 	8385
49850 	49900 	8398 	8398
49900 	49950 	8410 	8410
49950 	50000 	8423 	8423
50000 	50050 	8435 	8435
50050 	50100 	8448 	8448
50100 	50150 	8460 	8460
50150 	50200 	8473 	8473
50200 	50250 	8485 	8485
50250 	50300 	8498 	8498
50300 	50350 	8510 	8510
50350 	50400 	8523 	8523
50400 	50450 	8535 	8535
50450 	50500 	8548 	8548
50500 	50550 	8560 	8560
50550 	50600 	8573 	8573
50600 	50650 	8585 	8585
50650 	50700 	8598 	8598
50700 	50750 	8610 	8610
50750 	50800 	8623 	8623
50800 	50850 	8635 	8635
50850 	50900 	8648 	8648
50900 	50950 	8660 	8660
50950 	51000 	8673 	8673
51000 	51050 	8685 	8685
51050 	51100 	8698 	8698
51100 	51150 	8710 	8710
51150 	51200 	8723 	8723
51200 	51250 	8735 	8735
51250 	51300 	8748 	8748
51300 	51350 	8760 	8760
51350 	51400 	8773 	8773
51400 	51450 	8785 	8785
51450 	51500 	8798 	8798
51500 	51550 	8810 	8810
51550 	51600 	8823 	8823
51600 	51650 	8835 	8835
51650 	51700 	8848 	8848
51700 	51750 	8860 	8860
51750 	51800 	8873 	8873
51800 	51850 	8885 	8885
51850 	51900 	8898 	8898
51900 	51950 	8910 	8910
51950 	52000 	8923 	8923
52000 	52050 	8935 	8935
52050 	52100 	8948 	8948
52100 	52150 	8960 	8960
52150 	52200 	8973 	8973
52200 	52250 	8985 	8985
52250 	52300 	8998 	8998
52300 	52350 	9010 	9010
52350 	52400 	9023 	9023
52400 	52450 	9035 	9035
52450 	52500 	9048 	9048
52500 	52550 	9060 	9060
52550 	52600 	9073 	9073
52600 	52650 	9085 	9085
52650 	52700 	9098 	9098
52700 	52750 	9110 	9110
52750 	52800 	9123 	9123
52800 	52850 	9135 	9135
52850 	52900 	9148 	9148
52900 	52950 	9160 	9160
52950 	53000 	9173 	9173
53000 	53050 	9185 	9185
53050 	53100 	9198 	9198
53100 	53150 	9210 	9210
53150 	53200 	9223 	9223
53200 	53250 	9235 	9235
53250 	53300 	9248 	9248
53300 	53350 	9260 	9260
53350 	53400 	9273 	9273
53400 	53450 	9285 	9285
53450 	53500 	9298 	9298
53500 	53550 	9310 	9310
53550 	53600 	9323 	9323
53600 	53650 	9335 	9335
53650 	53700 	9348 	9348
53700 	53750 	9360 	9360
53750 	53800 	9373 	9373
53800 	53850 	9385 	9385
53850 	53900 	9398 	9398
53900 	53950 	9410 	9410
53950 	54000 	9423 	9423
54000 	54050 	9435 	9435
54050 	54100 	9448 	9448
54100 	54150 	9460 	9460
54150 	54200 	9473 	9473
54200 	54250 	9485 	9485
54250 	54300 	9498 	9498
54300 	54350 	9510 	9510
54350 	54400 	9523 	9523
54400 	54450 	9535 	9535
54450 	54500 	9548 	9548
54500 	54550 	9560 	9560
54550 	54600 	9573 	9573
54600 	54650 	9585 	9585
54650 	54700 	9598 	9598
54700 	54750 	9610 	9610
54750 	54800 	9623 	9623
54800 	54850 	9635 	9635
54850 	54900 	9648 	9648
54900 	54950 	9660 	9660
54950 	55000 	9673 	9673
55000 	55050 	9685 	9685
55050 	55100 	9698 	9698
55100 	55150 	9710 	9710
55150 	55200 	9723 	9723
55200 	55250 	9735 	9735
55250 	55300 	9748 	9748
55300 	55350 	9760 	9760
55350 	55400 	9773 	9773
55400 	55450 	9785 	9785
55450 	55500 	9798 	9798
55500 	55550 	9810 	9810
55550 	55600 	9823 	9823
55600 	55650 	9835 	9835
55650 	55700 	9848 	9848
55700 	55750 	9860 	9860
55750 	55800 	9873 	9873
55800 	55850 	9885 	9885
55850 	55900 	9898 	9898
55900 	55950 	9910 	9910
55950 	56000 	9923 	9923
56000 	56050 	9935 	9935
56050 	56100 	9948 	9948
56100 	56150 	9960 	9960
56150 	56200 	9973 	9973
56200 	56250 	9985 	9985
56250 	56300 	9998 	9998
56300 	56350 	10010 	10010
56350 	56400 	10023 	10023
56400 	56450 	10035 	10035
56450 	56500 	10048 	10048
56500 	56550 	10060 	10060
56550 	56600 	10073 	10073
56600 	56650 	10085 	10085
56650 	56700 	10098 	10098
56700 	56750 	10110 	10110
56750 	56800 	10123 	10123
56800 	56850 	10135 	10135
56850 	56900 	10148 	10148
56900 	56950 	10160 	10160
56950 	57000 	10173 	10173
57000 	57050 	10185 	10185
57050 	57100 	10198 	10198
57100 	57150 	10210 	10210
57150 	57200 	10223 	10223
57200 	57250 	10235 	10235
57250 	57300 	10248 	10248
57300 	57350 	10260 	10260
57350 	57400 	10273 	10273
57400 	57450 	10285 	10285
57450 	57500 	10298 	10298
57500 	57550 	10310 	10310
57550 	57600 	10323 	10323
57600 	57650 	10335 	10335
57650 	57700 	10348 	10348
57700 	57750 	10360 	10360
57750 	57800 	10373 	10373
57800 	57850 	10385 	10385
57850 	57900 	10398 	10398
57900 	57950 	10410 	10410
57950 	58000 	10423 	10423
58000 	58050 	10435 	10435
58050 	58100 	10448 	10448
58100 	58150 	10460 	10460
58150 	58200 	10473 	10473
58200 	58250 	10485 	10485
58250 	58300 	10498 	10498
58300 	58350 	10510 	10510
58350 	58400 	10523 	10523
58400 	58450 	10535 	10535
58450 	58500 	10548 	10548
58500 	58550 	10560 	10560
58550 	58600 	10573 	10573
58600 	58650 	10585 	10585
58650 	58700 	10598 	10598
58700 	58750 	10610 	10610
58750 	58800 	10623 	10623
58800 	58850 	10635 	10635
58850 	58900 	10648 	10648
58900 	58950 	10660 	10660
58950 	59000 	10673 	10673
59000 	59050 	10685 	10685
59050 	59100 	10698 	10698
59100 	59150 	10710 	10710
59150 	59200 	10723 	10723
59200 	59250 	10735 	10735
59250 	59300 	10748 	10748
59300 	59350 	10760 	10760
59350 	59400 	10773 	10773
59400 	59450 	10785 	10785
59450 	59500 	10798 	10798
59500 	59550 	10810 	10810
59550 	59600 	10823 	10823
59600 	59650 	10835 	10835
59650 	59700 	10848 	10848
59700 	59750 	10860 	10860
59750 	59800 	10873 	10873
59800 	59850 	10885 	10885
59850 	59900 	10898 	10898
59900 	59950 	10910 	10910
59950 	60000 	10923 	10923
60000 	60050 	10935 	10935
60050 	60100 	10948 	10948
60100 	60150 	10960 	10960
60150 	60200 	10973 	10973
60200 	60250 	10985 	10985
60250 	60300 	10998 	10998
60300 	60350 	11010 	11010
60350 	60400 	11023 	11023
60400 	60450 	11035 	11035
60450 	60500 	11048 	11048
60500 	60550 	11060 	11060
60550 	60600 	11073 	11073
60600 	60650 	11085 	11085
60650 	60700 	11098 	11098
60700 	60750 	11110 	11110
60750 	60800 	11123 	11123
60800 	60850 	11135 	11135
60850 	60900 	11148 	11148
60900 	60950 	11160 	11160
60950 	61000 	11173 	11173
61000 	61050 	11185 	11185
61050 	61100 	11198 	11198
61100 	61150 	11210 	11210
61150 	61200 	11223 	11223
61200 	61250 	11235 	11235
61250 	61300 	11248 	11248
61300 	61350 	11260 	11260
61350 	61400 	11273 	11273
61400 	61450 	11285 	11285
61450 	61500 	11298 	11298
61500 	61550 	11310 	11310
61550 	61600 	11323 	11323
61600 	61650 	11335 	11335
61650 	61700 	11348 	11348
61700 	61750 	11360 	11360
61750 	61800 	11373 	11373
61800 	61850 	11385 	11385
61850 	61900 	11398 	11398
61900 	61950 	11410 	11410
61950 	62000 	11423 	11423
62000 	62050 	11435 	11435
62050 	62100 	11448 	11448
62100 	62150 	11460 	11460
62150 	62200 	11473 	11473
62200 	62250 	11485 	11485
62250 	62300 	11498 	11498
62300 	62350 	11510 	11510
62350 	62400 	11523 	11523
62400 	62450 	11535 	11535
62450 	62500 	11548 	11548
62500 	62550 	11560 	11560
62550 	62600 	11573 	11573
62600 	62650 	11585 	11585
62650 	62700 	11598 	11598
62700 	62750 	11610 	11610
62750 	62800 	11623 	11623
62800 	62850 	11635 	11635
62850 	62900 	11648 	11648
62900 	62950 	11660 	11660
62950 	63000 	11673 	11673
63000 	63050 	11685 	11685
63050 	63100 	11698 	11698
63100 	63150 	11710 	11710
63150 	63200 	11723 	11723
63200 	63250 	11735 	11735
63250 	63300 	11748 	11748
63300 	63350 	11760 	11760
63350 	63400 	11773 	11773
63400 	63450 	11785 	11785
63450 	63500 	11798 	11798
63500 	63550 	11810 	11810
63550 	63600 	11823 	11823
63600 	63650 	11835 	11835
63650 	63700 	11848 	11848
63700 	63750 	11860 	11860
63750 	63800 	11873 	11873
63800 	63850 	11885 	11885
63850 	63900 	11898 	11898
63900 	63950 	11910 	11910
63950 	64000 	11923 	11923
64000 	64050 	11935 	11935
64050 	64100 	11948 	11948
64100 	64150 	11960 	11960
64150 	64200 	11973 	11973
64200 	64250 	11985 	11985
64250 	64300 	11998 	11998
64300 	64350 	12010 	12010
64350 	64400 	12023 	12023
64400 	64450 	12035 	12035
64450 	64500 	12048 	12048
64500 	64550 	12060 	12060
64550 	64600 	12073 	12073
64600 	64650 	12085 	12085
64650 	64700 	12098 	12098
64700 	64750 	12110 	12110
64750 	64800 	12123 	12123
64800 	64850 	12135 	12135
64850 	64900 	12148 	12148
64900 	64950 	12160 	12160
64950 	65000 	12173 	12173
65000 	65050 	12185 	12185
65050 	65100 	12198 	12198
65100 	65150 	12210 	12210
65150 	65200 	12223 	12223
65200 	65250 	12235 	12235
65250 	65300 	12248 	12248
65300 	65350 	12260 	12260
65350 	65400 	12273 	12273
65400 	65450 	12285 	12285
65450 	65500 	12298 	12298
65500 	65550 	12310 	12310
65550 	65600 	12323 	12323
65600 	65650 	12335 	12335
65650 	65700 	12348 	12348
65700 	65750 	12360 	12360
65750 	65800 	12373 	12373
65800 	65850 	12385 	12385
65850 	65900 	12398 	12398
65900 	65950 	12410 	12410
65950 	66000 	12423 	12423
66000 	66050 	12435 	12435
66050 	66100 	12448 	12448
66100 	66150 	12460 	12460
66150 	66200 	12473 	12473
66200 	66250 	12485 	12485
66250 	66300 	12498 	12498
66300 	66350 	12510 	12510
66350 	66400 	12523 	12523
66400 	66450 	12535 	12535
66450 	66500 	12548 	12548
66500 	66550 	12560 	12560
66550 	66600 	12573 	12573
66600 	66650 	12585 	12585
66650 	66700 	12598 	12598
66700 	66750 	12610 	12610
66750 	66800 	12623 	12623
66800 	66850 	12635 	12635
66850 	66900 	12648 	12648
66900 	66950 	12660 	12660
66950 	67000 	12673 	12673
67000 	67050 	12685 	12685
67050 	67100 	12698 	12698
67100 	67150 	12710 	12710
67150 	67200 	12723 	12723
67200 	67250 	12735 	12735
67250 	67300 	12748 	12748
67300 	67350 	12760 	12760
67350 	67400 	12773 	12773
67400 	67450 	12785 	12785
67450 	67500 	12798 	12798
67500 	67550 	12810 	12810
67550 	67600 	12823 	12823
67600 	67650 	12835 	12835
67650 	67700 	12848 	12848
67700 	67750 	12860 	12860
67750 	67800 	12873 	12873
67800 	67850 	12885 	12885
67850 	67900 	12898 	12898
67900 	67950 	12910 	12910
67950 	68000 	12923 	12923
68000 	68050 	12935 	12935
68050 	68100 	12948 	12948
68100 	68150 	12960 	12960
68150 	68200 	12973 	12973
68200 	68250 	12985 	12985
68250 	68300 	12998 	12998
68300 	68350 	13010 	13010
68350 	68400 	13023 	13023
68400 	68450 	13035 	13035
68450 	68500 	13048 	13048
68500 	68550 	13060 	13060
68550 	68600 	13073 	13073
68600 	68650 	13085 	13085
68650 	68700 	13098 	13098
68700 	68750 	13110 	13110
68750 	68800 	13123 	13123
68800 	68850 	13135 	13135
68850 	68900 	13148 	13148
68900 	68950 	13160 	13160
68950 	69000 	13173 	13173
69000 	69050 	13185 	13185
69050 	69100 	13198 	13198
69100 	69150 	13210 	13210
69150 	69200 	13223 	13223
69200 	69250 	13235 	13235
69250 	69300 	13248 	13248
69300 	69350 	13260 	13260
69350 	69400 	13273 	13273
69400 	69450 	13285 	13285
69450 	69500 	13298 	13298
69500 	69550 	13310 	13310
69550 	69600 	13323 	13323
69600 	69650 	13335 	13335
69650 	69700 	13348 	13348
69700 	69750 	13360 	13360
69750 	69800 	13373 	13373
69800 	69850 	13385 	13385
69850 	69900 	13398 	13398
69900 	69950 	13410 	13410
69950 	70000 	13423 	13423
70000 	70050 	13435 	13435
70050 	70100 	13448 	13448
70100 	70150 	13460 	13460
70150 	70200 	13473 	13473
70200 	70250 	13485 	13485
70250 	70300 	13498 	13498
70300 	70350 	13510 	13510
70350 	70400 	13523 	13523
70400 	70450 	13535 	13535
70450 	70500 	13548 	13548
70500 	70550 	13560 	13560
70550 	70600 	13573 	13573
70600 	70650 	13585 	13585
70650 	70700 	13598 	13598
70700 	70750 	13610 	13610
70750 	70800 	13623 	13623
70800 	70850 	13635 	13635
70850 	70900 	13648 	13648
70900 	70950 	13660 	13660
70950 	71000 	13673 	13673
71000 	71050 	13685 	13685
71050 	71100 	13698 	13698
71100 	71150 	13710 	13710
71150 	71200 	13723 	13723
71200 	71250 	13735 	13735
71250 	71300 	13748 	13748
71300 	71350 	13760 	13760
71350 	71400 	13773 	13773
71400 	71450 	13785 	13785
71450 	71500 	13798 	13798
71500 	71550 	13810 	13810
71550 	71600 	13823 	13823
71600 	71650 	13835 	13835
71650 	71700 	13848 	13848
71700 	71750 	13860 	13860
71750 	71800 	13873 	13873
71800 	71850 	13885 	13885
71850 	71900 	13898 	13898
71900 	71950 	13910 	13910
71950 	72000 	13923 	13923
72000 	72050 	13935 	13935
72050 	72100 	13948 	13948
72100 	72150 	13960 	13960
72150 	72200 	13973 	13973
72200 	72250 	13985 	13985
72250 	72300 	13998 	13998
72300 	72350 	14010 	14010
72350 	72400 	14023 	14023
72400 	72450 	14035 	14035
72450 	72500 	14048 	14048
72500 	72550 	14060 	14060
72550 	72600 	14073 	14073
72600 	72650 	14085 	14085
72650 	72700 	14098 	14098
72700 	72750 	14110 	14110
72750 	72800 	14123 	14123
72800 	72850 	14135 	14135
72850 	72900 	14148 	14148
72900 	72950 	14160 	14160
72950 	73000 	14173 	14173
73000 	73050 	14185 	14185
73050 	73100 	14198 	14198
73100 	73150 	14210 	14210
73150 	73200 	14223 	14223
73200 	73250 	14235 	14236
73250 	73300 	14248 	14250
73300 	73350 	14260 	14264
73350 	73400 	14273 	14278
73400 	73450 	14285 	14292
73450 	73500 	14298 	14306
73500 	73550 	14310 	14320
73550 	73600 	14323 	14334
73600 	73650 	14335 	14348
73650 	73700 	14348 	14362
73700 	73750 	14360 	14376
73750 	73800 	14373 	14390
73800 	73850 	14385 	14404
73850 	73900 	14398 	14418
73900 	73950 	14410 	14432
73950 	74000 	14423 	14446
74000 	74050 	14435 	14460
74050 	74100 	14448 	14474
74100 	74150 	14460 	14488
74150 	74200 	14473 	14502
74200 	74250 	14485 	14516
74250 	74300 	14498 	14530
74300 	74350 	14510 	14544
74350 	74400 	14523 	14558
74400 	74450 	14535 	14572
74450 	74500 	14548 	14586
74500 	74550 	14560 	14600
74550 	74600 	14573 	14614
74600 	74650 	14585 	14628
74650 	74700 	14598 	14642
74700 	74750 	14610 	14656
74750 	74800 	14623 	14670
74800 	74850 	14635 	14684
74850 	74900 	14648 	14698
74900 	74950 	14660 	14712
74950 	75000 	14673 	14726
75000 	75050 	14685 	14740
75050 	75100 	14698 	14754
75100 	75150 	14710 	14768
75150 	75200 	14723 	14782
75200 	75250 	14735 	14796
75250 	75300 	14748 	14810
75300 	75350 	14760 	14824
75350 	75400 	14773 	14838
75400 	75450 	14785 	14852
75450 	75500 	14798 	14866
75500 	75550 	14810 	14880
75550 	75600 	14823 	14894
75600 	75650 	14835 	14908
75650 	75700 	14848 	14922
75700 	75750 	14860 	14936
75750 	75800 	14873 	14950
75800 	75850 	14885 	14964
75850 	75900 	14898 	14978
75900 	75950 	14910 	14992
75950 	76000 	14923 	15006
76000 	76050 	14935 	15020
76050 	76100 	14948 	15034
76100 	76150 	14960 	15048
76150 	76200 	14973 	15062
76200 	76250 	14985 	15076
76250 	76300 	14998 	15090
76300 	76350 	15010 	15104
76350 	76400 	15023 	15118
76400 	76450 	15035 	15132
76450 	76500 	15048 	15146
76500 	76550 	15060 	15160
76550 	76600 	15073 	15174
76600 	76650 	15085 	15188
76650 	76700 	15098 	15202
76700 	76750 	15110 	15216
76750 	76800 	15123 	15230
76800 	76850 	15135 	15244
76850 	76900 	15148 	15258
76900 	76950 	15160 	15272
76950 	77000 	15173 	15286
77000 	77050 	15185 	15300
77050 	77100 	15198 	15314
77100 	77150 	15210 	15328
77150 	77200 	15223 	15342
77200 	77250 	15235 	15356
77250 	77300 	15248 	15370
77300 	77350 	15260 	15384
77350 	77400 	15273 	15398
77400 	77450 	15285 	15412
77450 	77500 	15298 	15426
77500 	77550 	15310 	15440
77550 	77600 	15323 	15454
77600 	77650 	15335 	15468
77650 	77700 	15348 	15482
77700 	77750 	15360 	15496
77750 	77800 	15373 	15510
77800 	77850 	15385 	15524
77850 	77900 	15398 	15538
77900 	77950 	15410 	15552
77950 	78000 	15423 	15566
78000 	78050 	15435 	15580
78050 	78100 	15448 	15594
78100 	78150 	15460 	15608
78150 	78200 	15473 	15622
78200 	78250 	15485 	15636
78250 	78300 	15498 	15650
78300 	78350 	15510 	15664
78350 	78400 	15523 	15678
78400 	78450 	15535 	15692
78450 	78500 	15548 	15706
78500 	78550 	15560 	15720
78550 	78600 	15573 	15734
78600 	78650 	15585 	15748
78650 	78700 	15598 	15762
78700 	78750 	15610 	15776
78750 	78800 	15623 	15790
78800 	78850 	15635 	15804
78850 	78900 	15648 	15818
78900 	78950 	15660 	15832
78950 	79000 	15673 	15846
79000 	79050 	15685 	15860
79050 	79100 	15698 	15874
79100 	79150 	15710 	15888
79150 	79200 	15723 	15902
79200 	79250 	15735 	15916
79250 	79300 	15748 	15930
79300 	79350 	15760 	15944
79350 	79400 	15773 	15958
79400 	79450 	15785 	15972
79450 	79500 	15798 	15986
79500 	79550 	15810 	16000
79550 	79600 	15823 	16014
79600 	79650 	15835 	16028
79650 	79700 	15848 	16042
79700 	79750 	15860 	16056
79750 	79800 	15873 	16070
79800 	79850 	15885 	16084
79850 	79900 	15898 	16098
79900 	79950 	15910 	16112
79950 	80000 	15923 	16126
80000 	80050 	15935 	16140
80050 	80100 	15948 	16154
80100 	80150 	15960 	16168
80150 	80200 	15973 	16182
80200 	80250 	15985 	16196
80250 	80300 	15998 	16210
80300 	80350 	16010 	16224
80350 	80400 	16023 	16238
80400 	80450 	16035 	16252
80450 	80500 	16048 	16266
80500 	80550 	16060 	16280
80550 	80600 	16073 	16294
80600 	80650 	16085 	16308
80650 	80700 	16098 	16322
80700 	80750 	16110 	16336
80750 	80800 	16123 	16350
80800 	80850 	16135 	16364
80850 	80900 	16148 	16378
80900 	80950 	16160 	16392
80950 	81000 	16173 	16406
81000 	81050 	16185 	16420
81050 	81100 	16198 	16434
81100 	81150 	16210 	16448
81150 	81200 	16223 	16462
81200 	81250 	16235 	16476
81250 	81300 	16248 	16490
81300 	81350 	16260 	16504
81350 	81400 	16273 	16518
81400 	81450 	16285 	16532
81450 	81500 	16298 	16546
81500 	81550 	16310 	16560
81550 	81600 	16323 	16574
81600 	81650 	16335 	16588
81650 	81700 	16348 	16602
81700 	81750 	16360 	16616
81750 	81800 	16373 	16630
81800 	81850 	16385 	16644
81850 	81900 	16398 	16658
81900 	81950 	16410 	16672
81950 	82000 	16423 	16686
82000 	82050 	16435 	16700
82050 	82100 	16448 	16714
82100 	82150 	16460 	16728
82150 	82200 	16473 	16742
82200 	82250 	16485 	16756
82250 	82300 	16498 	16770
82300 	82350 	16510 	16784
82350 	82400 	16523 	16798
82400 	82450 	16535 	16812
82450 	82500 	16548 	16826
82500 	82550 	16560 	16840
82550 	82600 	16573 	16854
82600 	82650 	16585 	16868
82650 	82700 	16598 	16882
82700 	82750 	16610 	16896
82750 	82800 	16623 	16910
82800 	82850 	16635 	16924
82850 	82900 	16648 	16938
82900 	82950 	16660 	16952
82950 	83000 	16673 	16966
83000 	83050 	16685 	16980
83050 	83100 	16698 	16994
83100 	83150 	16710 	17008
83150 	83200 	16723 	17022
83200 	83250 	16735 	17036
83250 	83300 	16748 	17050
83300 	83350 	16760 	17064
83350 	83400 	16773 	17078
83400 	83450 	16785 	17092
83450 	83500 	16798 	17106
83500 	83550 	16810 	17120
83550 	83600 	16823 	17134
83600 	83650 	16835 	17148
83650 	83700 	16848 	17162
83700 	83750 	16860 	17176
83750 	83800 	16873 	17190
83800 	83850 	16885 	17204
83850 	83900 	16898 	17218
83900 	83950 	16910 	17232
83950 	84000 	16923 	17246
84000 	84050 	16935 	17260
84050 	84100 	16948 	17274
84100 	84150 	16960 	17288
84150 	84200 	16973 	17302
84200 	84250 	16985 	17316
84250 	84300 	16998 	17330
84300 	84350 	17010 	17344
84350 	84400 	17023 	17358
84400 	84450 	17035 	17372
84450 	84500 	17048 	17386
84500 	84550 	17060 	17400
84550 	84600 	17073 	17414
84600 	84650 	17085 	17428
84650 	84700 	17098 	17442
84700 	84750 	17110 	17456
84750 	84800 	17123 	17470
84800 	84850 	17135 	17484
84850 	84900 	17148 	17498
84900 	84950 	17160 	17512
84950 	85000 	17173 	17526
85000 	85050 	17185 	17540
85050 	85100 	17198 	17554
85100 	85150 	17210 	17568
85150 	85200 	17223 	17582
85200 	85250 	17235 	17596
85250 	85300 	17248 	17610
85300 	85350 	17260 	17624
85350 	85400 	17273 	17638
85400 	85450 	17285 	17652
85450 	85500 	17298 	17666
85500 	85550 	17310 	17680
85550 	85600 	17323 	17694
85600 	85650 	17335 	17708
85650 	85700 	17348 	17722
85700 	85750 	17360 	17736
85750 	85800 	17373 	17750
85800 	85850 	17385 	17764
85850 	85900 	17398 	17778
85900 	85950 	17410 	17792
85950 	86000 	17423 	17806
86000 	86050 	17435 	17820
86050 	86100 	17448 	17834
86100 	86150 	17460 	17848
86150 	86200 	17473 	17862
86200 	86250 	17485 	17876
86250 	86300 	17498 	17890
86300 	86350 	17510 	17904
86350 	86400 	17523 	17918
86400 	86450 	17535 	17932
86450 	86500 	17548 	17946
86500 	86550 	17560 	17960
86550 	86600 	17573 	17974
86600 	86650 	17585 	17988
86650 	86700 	17598 	18002
86700 	86750 	17610 	18016
86750 	86800 	17623 	18030
86800 	86850 	17635 	18044
86850 	86900 	17648 	18058
86900 	86950 	17660 	18072
86950 	87000 	17673 	18086
87000 	87050 	17685 	18100
87050 	87100 	17698 	18114
87100 	87150 	17710 	18128
87150 	87200 	17723 	18142
87200 	87250 	17735 	18156
87250 	87300 	17748 	18170
87300 	87350 	17760 	18184
87350 	87400 	17773 	18198
87400 	87450 	17785 	18212
87450 	87500 	17798 	18226
87500 	87550 	17810 	18240
87550 	87600 	17823 	18254
87600 	87650 	17835 	18268
87650 	87700 	17848 	18282
87700 	87750 	17860 	18296
87750 	87800 	17873 	18310
87800 	87850 	17885 	18324
87850 	87900 	17898 	18338
87900 	87950 	17912 	18352
87950 	88000 	17926 	18366
88000 	88050 	17940 	18380
88050 	88100 	17954 	18394
88100 	88150 	17968 	18408
88150 	88200 	17982 	18422
88200 	88250 	17996 	18436
88250 	88300 	18010 	18450
88300 	88350 	18024 	18464
88350 	88400 	18038 	18478
88400 	88450 	18052 	18492
88450 	88500 	18066 	18506
88500 	88550 	18080 	18520
88550 	88600 	18094 	18534
88600 	88650 	18108 	18548
88650 	88700 	18122 	18562
88700 	88750 	18136 	18576
88750 	88800 	18150 	18590
88800 	88850 	18164 	18604
88850 	88900 	18178 	18618
88900 	88950 	18192 	18632
88950 	89000 	18206 	18646
89000 	89050 	18220 	18660
89050 	89100 	18234 	18674
89100 	89150 	18248 	18688
89150 	89200 	18262 	18702
89200 	89250 	18276 	18716
89250 	89300 	18290 	18730
89300 	89350 	18304 	18744
89350 	89400 	18318 	18758
89400 	89450 	18332 	18772
89450 	89500 	18346 	18786
89500 	89550 	18360 	18800
89550 	89600 	18374 	18814
89600 	89650 	18388 	18828
89650 	89700 	18402 	18842
89700 	89750 	18416 	18856
89750 	89800 	18430 	18870
89800 	89850 	18444 	18884
89850 	89900 	18458 	18898
89900 	89950 	18472 	18912
89950 	90000 	18486 	18926
90000 	90050 	18500 	18940
90050 	90100 	18514 	18954
90100 	90150 	18528 	18968
90150 	90200 	18542 	18982
90200 	90250 	18556 	18996
90250 	90300 	18570 	19010
90300 	90350 	18584 	19024
90350 	90400 	18598 	19038
90400 	90450 	18612 	19052
90450 	90500 	18626 	19066
90500 	90550 	18640 	19080
90550 	90600 	18654 	19094
90600 	90650 	18668 	19108
90650 	90700 	18682 	19122
90700 	90750 	18696 	19136
90750 	90800 	18710 	19150
90800 	90850 	18724 	19164
90850 	90900 	18738 	19178
90900 	90950 	18752 	19192
90950 	91000 	18766 	19206
91000 	91050 	18780 	19220
91050 	91100 	18794 	19234
91100 	91150 	18808 	19248
91150 	91200 	18822 	19262
91200 	91250 	18836 	19276
91250 	91300 	18850 	19290
91300 	91350 	18864 	19304
91350 	91400 	18878 	19318
91400 	91450 	18892 	19332
91450 	91500 	18906 	19346
91500 	91550 	18920 	19360
91550 	91600 	18934 	19374
91600 	91650 	18948 	19388
91650 	91700 	18962 	19402
91700 	91750 	18976 	19416
91750 	91800 	18990 	19430
91800 	91850 	19004 	19444
91850 	91900 	19018 	19458
91900 	91950 	19032 	19472
91950 	92000 	19046 	19486
92000 	92050 	19060 	19500
92050 	92100 	19074 	19514
92100 	92150 	19088 	19528
92150 	92200 	19102 	19542
92200 	92250 	19116 	19556
92250 	92300 	19130 	19570
92300 	92350 	19144 	19584
92350 	92400 	19158 	19598
92400 	92450 	19172 	19612
92450 	92500 	19186 	19626
92500 	92550 	19200 	19640
92550 	92600 	19214 	19654
92600 	92650 	19228 	19668
92650 	92700 	19242 	19682
92700 	92750 	19256 	19696
92750 	92800 	19270 	19710
92800 	92850 	19284 	19724
92850 	92900 	19298 	19738
92900 	92950 	19312 	19752
92950 	93000 	19326 	19766
93000 	93050 	19340 	19780
93050 	93100 	19354 	19794
93100 	93150 	19368 	19808
93150 	93200 	19382 	19822
93200 	93250 	19396 	19836
93250 	93300 	19410 	19850
93300 	93350 	19424 	19864
93350 	93400 	19438 	19878
93400 	93450 	19452 	19892
93450 	93500 	19466 	19906
93500 	93550 	19480 	19920
93550 	93600 	19494 	19934
93600 	93650 	19508 	19948
93650 	93700 	19522 	19962
93700 	93750 	19536 	19976
93750 	93800 	19550 	19990
93800 	93850 	19564 	20004
93850 	93900 	19578 	20018
93900 	93950 	19592 	20032
93950 	94000 	19606 	20046
94000 	94050 	19620 	20060
94050 	94100 	19634 	20074
94100 	94150 	19648 	20088
94150 	94200 	19662 	20102
94200 	94250 	19676 	20116
94250 	94300 	19690 	20130
94300 	94350 	19704 	20144
94350 	94400 	19718 	20158
94400 	94450 	19732 	20172
94450 	94500 	19746 	20186
94500 	94550 	19760 	20200
94550 	94600 	19774 	20214
94600 	94650 	19788 	20228
94650 	94700 	19802 	20242
94700 	94750 	19816 	20256
94750 	94800 	19830 	20270
94800 	94850 	19844 	20284
94850 	94900 	19858 	20298
94900 	94950 	19872 	20312
94950 	95000 	19886 	20326
95000 	95050 	19900 	20340
95050 	95100 	19914 	20354
95100 	95150 	19928 	20368
95150 	95200 	19942 	20382
95200 	95250 	19956 	20396
95250 	95300 	19970 	20410
95300 	95350 	19984 	20424
95350 	95400 	19998 	20438
95400 	95450 	20012 	20452
95450 	95500 	20026 	20466
95500 	95550 	20040 	20480
95550 	95600 	20054 	20494
95600 	95650 	20068 	20508
95650 	95700 	20082 	20522
95700 	95750 	20096 	20536
95750 	95800 	20110 	20550
95800 	95850 	20124 	20564
95850 	95900 	20138 	20578
95900 	95950 	20152 	20592
95950 	96000 	20166 	20606
96000 	96050 	20180 	20620
96050 	96100 	20194 	20634
96100 	96150 	20208 	20648
96150 	96200 	20222 	20662
96200 	96250 	20236 	20676
96250 	96300 	20250 	20690
96300 	96350 	20264 	20704
96350 	96400 	20278 	20718
96400 	96450 	20292 	20732
96450 	96500 	20306 	20746
96500 	96550 	20320 	20760
96550 	96600 	20334 	20774
96600 	96650 	20348 	20788
96650 	96700 	20362 	20802
96700 	96750 	20376 	20816
96750 	96800 	20390 	20830
96800 	96850 	20404 	20844
96850 	96900 	20418 	20858
96900 	96950 	20432 	20872
96950 	97000 	20446 	20886
97000 	97050 	20460 	20900
97050 	97100 	20474 	20914
97100 	97150 	20488 	20928
97150 	97200 	20502 	20942
97200 	97250 	20516 	20956
97250 	97300 	20530 	20970
97300 	97350 	20544 	20984
97350 	97400 	20558 	20998
97400 	97450 	20572 	21012
97450 	97500 	20586 	21026
97500 	97550 	20600 	21040
97550 	97600 	20614 	21054
97600 	97650 	20628 	21068
97650 	97700 	20642 	21082
97700 	97750 	20656 	21096
97750 	97800 	20670 	21110
97800 	97850 	20684 	21124
97850 	97900 	20698 	21138
97900 	97950 	20712 	21152
97950 	98000 	20726 	21166
98000 	98050 	20740 	21180
98050 	98100 	20754 	21194
98100 	98150 	20768 	21208
98150 	98200 	20782 	21222
98200 	98250 	20796 	21236
98250 	98300 	20810 	21250
98300 	98350 	20824 	21264
98350 	98400 	20838 	21278
98400 	98450 	20852 	21292
98450 	98500 	20866 	21306
98500 	98550 	20880 	21320
98550 	98600 	20894 	21334
98600 	98650 	20908 	21348
98650 	98700 	20922 	21362
98700 	98750 	20936 	21376
98750 	98800 	20950 	21390
98800 	98850 	20964 	21404
98850 	98900 	20978 	21418
98900 	98950 	20992 	21432
98950 	99000 	21006 	21446
99000 	99050 	21020 	21460
99050 	99100 	21034 	21474
99100 	99150 	21048 	21488
99150 	99200 	21062 	21502
99200 	99250 	21076 	21516
99250 	99300 	21090 	21530
99300 	99350 	21104 	21544
99350 	99400 	21118 	21558
99400 	99450 	21132 	21572
99450 	99500 	21146 	21586
99500 	99550 	21160 	21600
99550 	99600 	21174 	21614
99600 	99650 	21188 	21628
99650 	99700 	21202 	21642
99700 	99750 	21216 	21656
99750 	99800 	21230 	21670
99800 	99850 	21244 	21684
99850 	99900 	21258 	21698
99900 	99950 	21272 	21712
99950 	100000 	21286 	21726
